ASX = 38079.6945234156 + 1.3575130937928086(AUSCCON)  -545.000076215902(AUSLFPR) + 0.16448040872909098(AUSG)  -0.00623028833263781(AUSCA) + 24.79650932912174(AUSMP)  -352.8321234124527(AUSGAGR) + 0.0012152489089085252(AUSPTEMP) + 81.95209416210363(AUSPPIC) 

NSX = -3.491977146906246 + 2.9531264127893675e-05(AUSCCON) + 0.058081236822917874(AUSLFPR)  -0.00011293975261521572(AUSG) + 6.3179833485281975e-06(AUSCA)  -0.0007205682859669759(AUSMP) + 0.012865453426202711(AUSGAGR) + 1.6046126479231512e-09(AUSPTEMP) + 0.0013234652698878788(AUSPPIC) 